algo: a2c
base_seed: 42
beta_entropy: 0.02180929547565875
env_name: ReacherPyBulletEnv-v0
experiment: a2c-rrBlt
gamma: 0.9514293342583657
hidden_size: 64
log:
  detailed: true
  frequency: 100
lr: 0.0008690987332404406
nsteps: 40
save_agent: true
training_steps: 1000000
val_episodes: 100
val_frequency: 25000
