agent:
  mini_epochs: [1, 2, 3]
  batch_size: [64, 128]
  nsteps: [32]

optim:
  args_:
    lr: [0.000599, 0.000359, 0.000215, 0.000129, 0.000077, 0.000046, 0.000028]
    eps: [0.001, 0.000001]
