algo: a2c
base_seed: 42
beta_entropy: 0.044896395438728365
env_name: InvertedPendulumPyBulletEnv-v0
experiment: a2c-ip_blt
gamma: 0.9627323888865803
hidden_size: 32
log:
  detailed: true
  frequency: 100
lr: 0.00220123865807244
nsteps: 60
save_agent: true
training_steps: 1000000
val_episodes: 100
val_frequency: 25000
